%YAML:1.0
Camera.RGB: 1
Camera.cx: 929.5752302708067
Camera.cy: 1648.4378068626122
Camera.fps: 30.0
Camera.fx: 4407.0446417700405
Camera.fy: 4359.806266046795
Camera.k1: -0.4756115295853621
Camera.k2: 2.9383708690070867
Camera.k3: -5.545695687465536
Camera.p1: 0.04364446844701631
Camera.p2: -0.044764833315575764
ORBextractor.iniThFAST: 20
ORBextractor.minThFAST: 7
ORBextractor.nFeatures: 2000
ORBextractor.nLevels: 8
ORBextractor.scaleFactor: 1.2
Viewer.CameraLineWidth: 3
Viewer.CameraSize: 0.08
Viewer.GraphLineWidth: 0.9
Viewer.KeyFrameLineWidth: 1
Viewer.KeyFrameSize: 0.05
Viewer.PointSize: 2
Viewer.ViewpointF: 500
Viewer.ViewpointX: 0
Viewer.ViewpointY: -0.7
Viewer.ViewpointZ: -1.8
scale: 0.5
